         M     cuBLAS  Triton Default Tuning  Triton Advanced Tuning        Triton Max Tuning       Triton No Tuning  
0    256.0   1.474790               2.064126                1.151016                 1.573257               1.822026
1    384.0   6.176168               6.144000                6.144000                 6.602507               5.777868
2    512.0  14.563555               9.331044                8.738134                10.082462               6.762280
3    640.0  20.127763              11.636364               11.130435                12.800000               8.827586
4    768.0  29.491201              16.644063               16.570999                17.794816               9.036563
5    896.0  26.002137              13.773804               12.458832                16.617149               9.369115
6   1024.0  35.366990              16.268816               15.657691                16.652324               9.443308
7   1152.0  29.582505              14.073421               12.994899                16.965818               9.563277
8   1280.0  32.062623              16.650406               15.058823                19.020751               9.403257
9   1408.0  34.073601              14.359769               14.769458                16.930981               8.810061
10  1536.0  39.763415              15.922139               16.238344                16.979715               8.678868
11  1664.0  32.448609              15.381113               15.662200                17.108198               8.363787
12  1792.0  35.000153              16.665658               16.923658                17.589942               8.170413
13  1920.0  35.277961              15.339494               15.706860                15.853211               8.250672
14  2048.0  32.161440              15.261119               14.848530                15.947924               8.041022
15  2176.0  32.837344              14.863741               14.726416                14.935447               7.847198
16  2304.0  29.132107              14.691188               14.405471                14.628493               7.796303
17  2432.0  32.555599              14.058214               14.175363                14.473289               7.642672
18  2560.0  32.565989              14.848145               14.774711                15.502764               7.645357
19  2688.0  29.359952              14.238300               14.345996                14.434363               7.725673
20  2816.0  25.788151              14.309124               14.264955                14.547768               7.749568
21  2944.0  26.313017              14.264721               14.174071                14.393208               7.561942
22  3072.0  27.827186              14.330428               14.062666                13.945825               7.569491
23  3200.0  21.712281              14.576824               14.247551                14.348016               7.614416
24  3328.0  25.384802              14.255306               14.059813                14.556239               7.408012
25  3456.0  23.174817              13.545503               14.297536                14.350821               7.475764
26  3584.0  22.996448              13.501032               13.643053                13.993457               7.471779
27  3712.0  21.532355              13.005562               13.514994                13.931318               7.448980
28  3840.0  22.559509              13.350073               14.175054                14.431328               7.467891
29  3968.0  20.175916              12.651215               13.646324                14.175643               7.587610
30  4096.0  23.694672              13.284918               14.120866                14.508310               7.695791
