Cuda compute capability (8, 0) detected!
'max' tuning is evaluating 2250 configurations...
Cuda compute capability (8, 0) detected!
Cuda compute capability (8, 0) detected!
'advanced' tuning is evaluating 498 configurations...
Cuda compute capability (8, 0) detected!
'default' tuning is evaluating 8 configurations...
triton_output=tensor([[-10.9531,  -4.7109,  15.6953,  ..., -28.4062,   4.3320, -26.4219],
        [ 26.8438,  10.0469,  -5.4297,  ..., -11.2969,  -8.5312,  30.7500],
        [-13.2578,  15.8516,  18.0781,  ..., -21.7656,  -8.6406,  10.2031],
        ...,
        [ 40.2812,  18.6094, -25.6094,  ...,  -2.7598,  -3.2441,  41.0000],
        [ -6.1211, -16.8281,   4.4844,  ..., -21.0312,  24.7031,  15.0234],
        [-17.0938, -19.0000,  -0.3831,  ...,  21.5469, -30.2344, -13.2188]],
       device='cuda:0', dtype=torch.float16)
torch_output=tensor([[-10.9531,  -4.7109,  15.6953,  ..., -28.4062,   4.3320, -26.4219],
        [ 26.8438,  10.0469,  -5.4297,  ..., -11.2969,  -8.5312,  30.7500],
        [-13.2578,  15.8516,  18.0781,  ..., -21.7656,  -8.6406,  10.2031],
        ...,
        [ 40.2812,  18.6094, -25.6094,  ...,  -2.7598,  -3.2441,  41.0000],
        [ -6.1211, -16.8281,   4.4844,  ..., -21.0312,  24.7031,  15.0234],
        [-17.0938, -19.0000,  -0.3831,  ...,  21.5469, -30.2344, -13.2188]],
       device='cuda:0', dtype=torch.float16)
✅ Triton and Torch match
matmul-performance:
         M      cuBLAS  Triton Max Tuning
0    256.0    4.096000           4.096000
1    384.0   11.059200          12.288000
2    512.0   23.831273          23.831273
3    640.0   39.384616          39.384616
4    768.0   58.982401          63.195428
5    896.0   73.943582          87.808000
6   1024.0  104.857603          95.325090
7   1152.0  129.825388         124.415996
8   1280.0  157.538463         157.538463
9   1408.0  151.438217         132.970149
10  1536.0  176.947204         153.867127
11  1664.0  179.978245         176.449258
12  1792.0  170.294302         208.137481
13  1920.0  197.485709         168.585369
14  2048.0  199.728763         195.083907
15  2176.0  195.375226         218.735299
16  2304.0  243.753804         243.753804
17  2432.0  214.461568         212.836847
18  2560.0  239.182490         232.397168
19  2688.0  209.574900         211.916520
20  2816.0  228.346640         229.548456
21  2944.0  246.713035         249.180166
22  3072.0  229.243346         229.243346
23  3200.0  245.210720         248.062029
24  3328.0  234.499328         232.981544
25  3456.0  251.942406         250.377535
26  3584.0  254.717817         237.871409
27  3712.0  241.297927         252.904662
28  3840.0  244.672562         241.467252
29  3968.0  240.204586         252.115576
30  4096.0  255.166789         249.012496
